#	heat		fft			lu			strassen	cholesky	bucket	plu			game
1	100			100			100			100				100				100			100			100
2	52.5583	51.762	54.4216	53.1275		53.9431		53.7164	53.1819	61.5021
3	42.9162	44.4753	43.1279	38.6181		38.1544		41.5028	39.4818	75.1019
4	32.1512	33.0123	42.5772	38.7862		37.9887		34.557	39.3521	64.5097
5	28.88		27.027	42.8888	30.5628		31.6442		29.3271	33.2177	75.319
6	25.286	25.706	39.0299	29.7988		36.8797		26.6309	33.1984	94.632
7	22.6902	25.0441	42.8067	31.506		29.9291		25.9466	34.0095	146.819
8	21.6759	25.9001	43.44		34.3169		30.0578		25.2689	33.8491	184.994

